# vax-70 20%

total clinical costs
3877198
10917298
49795013
77890583
128237188
138561515
96715212
15366455

number of cases
2549.42
37285.26
16570.05
242337
53543.39
318285.7
18383.75
17522.01

cost difference (base - intv)
3058689
5226803
30121734
36405256
101826317
78662228
84737551
10949623

cases averted (base - intv)
2199.736
32171.14
10296.39
150584.7
45208.17
268737.4
16708.63
15925.41

ICER per case averted
1390.48
162.4687
2925.466
241.7594
2252.388
292.7103
5071.485
687.5567

number of deaths
16.58728
5.06102
108.0164
32.92023
691.5577
96.33686
483.8913
60.56898

deaths averted
14.31214
4.366841
67.11979
20.45615
583.9012
81.33987
439.7993
55.04996

ICER per death averted
213713
1196930
448775.8
1779673
174389.6
967080.8
192673.2
198903.4

health outcomes
34.92955 2275.94618 221.95651
139.5823 19001.5428 18139.0744
227.1147 8693.4998 7541.4197
904.9317 123497.4351 117901.7024
784.5167 32979.2190 19088.0999
2131.7 111862.7 204195.0
934.0241 12342.6596 4623.1741
248.1169 6697.6240 10515.7010