# basevax 40%

total clinical costs
2922875
8230144
37828118
59171671
113373793
122501473
72528759
11523626

number of cases
1921.912
28107.97
12587.88
184097.8
47337.42
281394.7
13786.36
13140.12

cost difference (base - intv)
4090832
9052073
42311243
58379902
120097880
114981930
109240505
15094117

cases averted (base - intv)
2827.244
41348.44
14278.55
208823.8
51414.14
305628.5
21306.02
20307.3
ICER per case averted
1446.933
218.9218
2963.272
279.5653
2335.892
376.2147
5127.213
743.2853

number of deaths
12.50453
3.815314
82.05753
25.00874
611.4023
85.17089
362.8802
45.42194

deaths averted
18.39488
5.612547
93.07862
28.36765
664.0566
92.50584
560.8104
70.19699

ICER per death averted
222389.7
1612828
454575.3
2057975
180854.9
1242969
194790.4
215025.1

health outcomes
26.33209 1715.75097 167.32474
105.2259 14324.5546 13674.3718
172.5337 6604.2504 5729.0418
687.4556 93818.1403 89567.1918
693.5869 29156.7461 16875.6841
1884.624 98897.207 180527.658
700.4442 9256.0184 3467.0149
186.0681 5022.6882 7885.9440