# basevax 30%

total clinical costs
3968009
11173001
49435676
77328499
145590687
157312137
98519483
15653124

number of cases
2609.132
38158.55
16450.48
240588.2
60789.07
361357.2
18726.71
17848.89

cost difference (base - intv)
3045698
6109216
30703685
40223075
87880985
80171266
83249781
10964619

cases averted (base - intv)
2140.024
31297.86
10415.96
152333.4
37962.49
225665.9
16365.67
15598.53

ICER per case averted
1423.207
195.196
2947.753
264.0463
2314.943
355.2653
5086.854
702.9264

number of deaths
16.97578
5.179558
107.2369
32.68267
785.1416
109.3735
492.9185
61.69893

deaths averted
13.92363
4.248303
67.89927
20.69371
490.3173
68.30323
430.7721
53.92001

ICER per death averted
218743.1
1438037
452194.6
1943734
179232.9
1173755
193257.1
203349.7

health outcomes
35.74767 2329.25294 227.15513
142.8516 19446.5932 18563.9242
225.4757 8630.7646 7486.9983
898.4014 122606.2362 117050.8842
890.6802 37442.0808 21671.1675
2420.169 127000.359 231827.349
951.4488 12572.9181 4709.4218
252.7457 6822.5715 10711.8767