# vax-70 50%

total clinical costs
71967.45
202643.8
981540.9
1535350
2383480
2575373
1894991
301082.8

number of cases
47.3216
692.0784
326.6227
4776.857
995.184
5915.816
360.2022
343.3178

cost difference (base - intv)
6863920
15941458
78935206
112760489
227680025
214648370
179557773
26014995

cases averted (base - intv)
4701.834
68764.33
26539.81
388144.8
97756.38
581107.3
34732.18
33104.1

ICER per case averted
1459.839
231.8274
2974.218
290.5114
2329.056
369.3782
5169.782
785.8541

number of deaths
0.3078884
0.09394122
2.129179
0.6489115
12.85363
1.790564
9.481131
1.186759

deaths averted
30.59153
9.33392
173.007
52.72747
1262.605
175.8862
914.2095
114.4322

ICER per death averted
224373.2
1707906
456254.5
2138553
180325.6
1220382
196407.7
227339.9

health outcomes
0.6483524 42.2454656 4.1198936
2.590887 352.701233 336.692339
4.4768 171.3631 148.6537
17.83768 2434.33585 2324.03484
14.58142 612.96808 354.78087
39.62083 2079.13569 3795.26892
18.30081 241.83607 90.58423
4.861482 131.229987 206.039531