# basevax 60%

total clinical costs
865914.2
2438215
12100848
18928443
39490195
42669535
22170789
3522573

number of cases
569.3747
8327.105
4026.742
58891.1
16488.5
98014.98
4214.252
4016.708

cost difference (base - intv)
6147793
14844002
68038513
98623130
193981478
194813868
159598475
23095169

cases averted (base - intv)
4179.781
61129.3
22839.7
334030.5
82263.06
489008.2
30878.13
29430.71

ICER per case averted
1470.841
242.8296
2978.959
295.2518
2358.063
398.3857
5168.658
784.7302

number of deaths
3.704521
1.130303
26.24941
8.000053
212.9628
29.6666
110.9262
13.8847

deaths averted
27.1949
8.297558
148.8867
45.37633
1062.496
148.0101
812.7644
101.7342

ICER per death averted
226064.2
1788960
456981.7
2173449
182571.5
1316220
196365
227014.7

health outcomes
7.800993 508.298540 49.570666
31.17362 4243.71039 4051.09097
55.19187 2112.63560 1832.66488
219.9104 30011.5125 28651.6753
241.5892 10155.8354 5878.1138
656.4495 34447.7314 62881.1313
214.1137 2829.4050 1059.8066
56.8778 1535.3491 2410.5969