# basevax 50%

total clinical costs
1914879
5391859
25712323
40219846
79767907
86189990
48005716
7627318

number of cases
1259.113
18414.53
8556.168
125134
33305.82
197984.6
9124.987
8697.253

cost difference (base - intv)
5098828
11890358
54427039
77331727
153703766
151293413
133763548
18990425

cases averted (base - intv)
3490.043
51041.88
18310.27
267787.7
65445.74
389038.6
25967.39
24750.17

ICER per case averted
1460.964
232.953
2972.487
288.78
2348.568
388.8905
5151.213
767.2846

number of deaths
8.192162
2.499548
55.7757
16.9988
430.1725
59.92481
240.1851
30.06412

deaths averted
22.70725
6.928313
119.3605
36.37758
845.2864
117.7519
683.5055
85.55482

ICER per death averted
224546.2
1716198
455988.9
2125807
181836.3
1284849
195702.2
221967.9

health outcomes
17.25108 1124.04934 109.62037
68.93721 9384.52405 8958.56623
117.2737 4489.0051 3894.1131
467.2736 63769.5557 60880.1242
487.9962 20514.1995 11873.4495
1325.99 69582.42 127016.24
463.6137 6126.4221 2294.7660
123.1557 3324.4433 5219.5900