7777 50% VE

total clinical costs
1090.121
3069.53
10862.67
16991.66
39040.65
42183.8
38356.65
6094.24

number of cases
0.7168
10.4832
3.61472
52.86528
16.3008
96.8992
7.29088
6.94912

cost difference (base - intv)
3458269
6351928
50064485
67600197
117453461
95547507
88740219
11585581

cases averted (base - intv)
2462.477
36013.72
16932.64
247639.9
51733.03
307524.1
17469.46
16650.58

ICER per case averted
1404.387
176.3752
2956.685
272.9778
2270.377
310.6992
5079.734
695.8065

number of deaths
0.004663713
0.001422967
0.02356353
0.007181477
0.2105384
0.02932888
0.1919083
0.02402128

deaths averted
16.0216
4.888424
110.38
33.6406
668.1753
93.0796
459.8257
57.55667

ICER per death averted
215850.4
1299382
453564.8
2009482
175782.4
1026514
192986.7
201290

health outcomes
0.009820864 0.639909677 0.062405745
0.03924524 5.34251259 5.10001920
0.04954456 1.89646782 1.64514409
0.1974089 26.9406932 25.7199965
0.238839 10.040224 5.811199
0.6489767 34.0555868 62.1653077
0.3704281 4.8950217 1.8335220
0.09840162 2.65623581 4.17046128