7777 60% VE

total clinical costs
899.3498
2532.362
8285.48
12960.35
34446.82
37220.12
35339.83
5614.918

number of cases
0.59136
8.64864
2.75712
40.32288
14.38272
85.49728
6.71744
6.40256

cost difference (base - intv)
3458460
6352466
50067062
67604229
117458055
95552470
88743235
11586060

cases averted (base - intv)
2462.602
36015.56
16933.5
247652.4
51734.95
307535.5
17470.03
16651.13

ICER per case averted
1404.392
176.3812
2956.687
272.9803
2270.381
310.7038
5079.74
695.8124

number of deaths
0.003847564
0.001173948
0.01797303
0.005477656
0.1857648
0.02587782
0.1768144
0.02213197

deaths averted
16.02242
4.888673
110.3856
33.64231
668.2001
93.08305
459.8408
57.55856

ICER per death averted
215851.3
1299425
453565.2
2009500
175782.8
1026529
192986.9
201291.7

health outcomes
0.008102213 0.527925484 0.051484740
0.03237732 4.40757289 4.20751584
0.03779001 1.44652680 1.25483016
0.1505732 20.5489565 19.6178727
0.2107353 8.8588123 5.1274075
0.572613 30.048339 54.850450
0.3412933 4.5100200 1.6893124
0.09066217 2.44731839 3.84244748