7778 50% VE

total clinical costs
1070.654
3014.717
10247.22
16028.96
38654.38
41766.43
35986.29
5717.63

number of cases
0.704
10.296
3.40992
49.87008
16.13952
95.94048
6.84032
6.51968

cost difference (base - intv)
3458289
6351983
50065100
67601160
117453847
95547924
88290445
11155008

cases averted (base - intv)
2462.49
36013.91
16932.85
247642.9
51733.19
307525.1
17469.91
16651.01

ICER per case averted
1404.387
176.3758
2956.685
272.9784
2270.377
310.6996
5053.858
669.9299

number of deaths
0.004580433
0.001397557
0.02222849
0.006774594
0.2084554
0.0290387
0.1800488
0.02253682

deaths averted
16.02169
4.88845
110.3813
33.64101
668.1774
93.07989
459.8375
57.55816

ICER per death averted
215850.5
1299386
453564.9
2009487
175782.4
1026515
192003.6
193804.1

health outcomes
0.009645492 0.628482719 0.061291357
0.03854443 5.24711058 5.00894743
0.0467375 1.7890192 1.5519348
0.1862242 25.4143083 24.2627729
0.2364759 9.9408859 5.7537028
0.6425557 33.7186410 61.5502446
0.3475365 4.5925203 1.7202144
0.09232062 2.49208641 3.91273615