# 7778 40% VE

total clinical costs
108385.3
305188
1557824
2436787
3621524
3913091
2675269
425056.1

number of cases
71.26784
1042.292
518.3898
7581.45
1512.109
8988.651
508.5184
484.6816

cost difference (base - intv)
3350974
6049810
48517523
65180402
113870978
91676599
85651163
10735670

cases averted (base - intv)
2391.926
34981.91
16417.87
240111.3
50237.22
298632.4
16968.23
16172.85

ICER per case averted
1400.952
172.9411
2955.166
271.4591
2266.665
306.9881
5047.736
663.8083

number of deaths
0.4636897
0.1414785
3.379264
1.029901
19.53016
2.720632
13.38506
1.675417

deaths averted
15.56258
4.748369
107.0243
32.61788
648.8557
90.3883
446.6325
55.90528

ICER per death averted
215322.6
1274082
453331.8
1998303
175495.1
1014253
191771
192033.2

health outcomes
0.9764394 63.6230196 6.2046912
3.901958 531.179314 507.069409
7.105223 271.973901 235.931372
28.31055 3863.58542 3688.52437
22.1554 931.3603 539.0636
60.20096 3159.09490 5766.63407
25.83632 341.41401 127.88301
6.863237 185.264987 290.877960