6667 30% VE

total clinical costs
2008466
5655379
28274444
44227580
66218995
71550260
48596581
7721196

number of cases
1320.65
19314.51
9408.753
137603
27648.69
164356.1
9237.299
8804.301

cost difference (base - intv)
1491851
1298628
21918069
25103154
52194633
29515014
40181994
3870479

cases averted (base - intv)
1142.543
16709.7
7527.503
110089.7
24100.65
143265
8239.452
7853.228

ICER per case averted
1305.728
77.71701
2911.732
228.0245
2165.694
206.017
4876.78
492.852

number of deaths
8.592542
2.621709
61.3335
18.69266
357.1059
49.74633
243.1413
30.43415

deaths averted
7.433726
2.268138
49.07007
14.95512
311.28
43.3626
216.8763
27.14654

ICER per death averted
200686.9
572552.3
446668.8
1678565
167677.4
680656.1
185276.1
142577.2

health outcomes
18.09421 1178.98559 114.97790
72.30641 9843.17876 9396.40288
128.9595 4936.3150 4282.1446
513.8354 70123.9151 66946.5642
405.108 17029.777 9856.694
1100.765 57763.558 105442.005
469.3199 6201.8274 2323.0105
124.6715 3365.3612 5283.8339