7778 30% VE

total clinical costs
965648.6
2719044
13634539
21327480
32152319
34740889
23618753
3752631

number of cases
634.9542
9286.206
4537.101
66355.1
13424.69
79802.31
4489.482
4279.038

cost difference (base - intv)
2493711
3635954
36440809
46289709
85340183
60848801
64707679
7408095

cases averted (base - intv)
1828.239
26738
12399.16
181337.6
38324.64
227818.7
12987.27
12378.49

ICER per case averted
1363.996
135.9845
2938.975
255.2681
2226.77
267.0931
4982.393
598.4651

number of deaths
4.131201
1.260489
29.57632
9.013999
173.3911
24.1541
118.1707
14.79151

deaths averted
11.89507
3.629358
80.82725
24.63379
494.9948
68.95483
341.8468
42.78919

ICER per death averted
209642.4
1001817
450848
1879115
172406.2
882444.3
189288.5
173130.1

health outcomes
8.699497 566.843419 55.280123
34.76413 4732.49305 4517.68808
62.18702 2380.39618 2064.94128
247.7824 33815.2445 32283.0583
196.6983 8268.7274 4785.8712
534.4713 28046.8214 51196.8652
228.0974 3014.1921 1129.0221
60.59246 1635.62197 2568.03182