# vax-70 30%

total clinical costs
2198182
6189575
30867184
48283207
73739810
79676574
54541215
8665701

number of cases
1445.396
21138.92
10271.53
150221.1
30788.88
183022.8
10367.26
9881.297

cost difference (base - intv)
4737705
9954526
49049563
66012632
156323695
137547169
126911549
17650377

cases averted (base - intv)
3303.759
48317.48
16594.91
242700.6
67962.68
404000.4
24725.11
23566.13

ICER per case averted
1434.035
206.0233
2955.699
271.9921
2300.14
340.463
5132.9
748.9724

number of deaths
9.404178
2.869351
66.95773
20.40676
397.6641
55.39627
272.8839
34.15704

deaths averted
21.49524
6.55851
108.1784
32.96962
877.7948
122.2805
650.8068
81.46189

ICER per death averted
220407.2
1517803
453413.6
2002226
178086.8
1124850
195006.5
216670.3

health outcomes
19.80335 1290.35044 125.83851
79.13635 10772.94767 10283.97015
140.785 5388.970 4674.813
560.9536 76554.2121 73085.5011
451.1181 18963.9322 10976.1675
1225.784 64324.048 117417.570
526.7301 6960.4733 2607.1755
139.9221 3777.0330 5930.1851