# base case

total clinical costs
7222592
20337159
27559752
80736905
126290650
207027555
236511389
255552830
492064219
184617769
29332723
213950493

number of cases
4749.156
69456.4
74205.56
26866.44
392921.6
419788.1
98751.56
587023.2
685774.7
35092.38
33447.42
68539.8

number of deaths
30.89942
9.427861
40.32728
175.1361
53.37639
228.5125
1275.459
177.6767
1453.136
923.6906
115.6189
1039.31

health outcomes
65.0681 4239.7193 413.4690
260.0192 35396.7981 33790.1590
368.2404 14095.5132 12227.5474
1467.243 200236.931 191164.092
1446.906 60824.485 35204.710
3931.553 206311.488 376602.442
1782.940 23560.660 8825.086
473.6255 12784.9629 20073.2151