6667 60% VE

total clinical costs
10714.33
30169.09
166225
260013.3
370224
400030.6
273021.8
43378.66

number of cases
7.04512
103.0349
55.31392
808.9661
154.5811
918.8989
51.89632
49.46368

cost difference (base - intv)
3489603
6923837
50026288
69070720
118043404
100665244
88505553
11548297

cases averted (base - intv)
2456.148
35921.17
16880.94
246883.8
51594.75
306702.1
17424.86
16608.06

ICER per case averted
1420.762
192.7509
2963.477
279.7702
2287.896
328.2183
5079.271
695.3427

number of deaths
0.04583764
0.01398573
0.3605788
0.1098939
1.996544
0.2781269
1.365999
0.1709829

deaths averted
15.98043
4.875862
110.043
33.53789
666.3893
92.8308
458.6516
57.40971

ICER per death averted
218367.3
1420023
454606.7
2059483
177138.8
1084395
192969
201155.8

health outcomes
0.09652507 6.28939797 0.61335932
0.3857246 52.5092666 50.1259030
0.7581511 29.0205242 25.1746659
3.020831 412.257477 393.577878
2.264919 95.211833 55.107823
6.154271 322.950453 589.516029
2.636699 34.842654 13.050968
0.7004205 18.9070268 29.6852497