# basevax 30%

total clinical costs
[1] 3968009
[1] 11173001
[1] 49435676
[1] 77328499
[1] 145590687
[1] 157312137
[1] 98519483
[1] 15653124

number of cases
[1] 2609.132
[1] 38158.55
[1] 16450.48
[1] 240588.2
[1] 60789.07
[1] 361357.2
[1] 18726.71
[1] 17848.89

cost difference (base - intv)
[1] 3045698
[1] 6109216
[1] 30703685
[1] 40223075
[1] 87880985
[1] 80171266
[1] 83249781
[1] 10964619

cases averted (base - intv)
[1] 2140.024
[1] 31297.86
[1] 10415.96
[1] 152333.4
[1] 37962.49
[1] 225665.9
[1] 16365.67
[1] 15598.53

ICER per case averted
[1] 1423.207
[1] 195.196
[1] 2947.753
[1] 264.0463
[1] 2314.943
[1] 355.2653
[1] 5086.854
[1] 702.9264

number of deaths
[1] 16.97578
[1] 5.179558
[1] 107.2369
[1] 32.68267
[1] 785.1416
[1] 109.3735
[1] 492.9185
[1] 61.69893

deaths averted
[1] 13.92363
[1] 4.248303
[1] 67.89927
[1] 20.69371
[1] 490.3173
[1] 68.30323
[1] 430.7721
[1] 53.92001

ICER per death averted
[1] 218743.1
[1] 1438037
[1] 452194.6
[1] 1943734
[1] 179232.9
[1] 1173755
[1] 193257.1
[1] 203349.7

health outcomes
[1]   35.74767 2329.25294  227.15513
[1]   142.8516 19446.5932 18563.9242
[1]  225.4757 8630.7646 7486.9983
[1]    898.4014 122606.2362 117050.8842
[1]   890.6802 37442.0808 21671.1675
[1]   2420.169 127000.359 231827.349
[1]   951.4488 12572.9181  4709.4218
[1]   252.7457  6822.5715 10711.8767