# 6667 40% VE

total clinical costs
641228.6
1805552
9282723
14520263
21421576
23146219
15745620
2501720

number of cases
421.6346
6166.405
3088.968
45176.15
8944.237
53168.52
2992.947
2852.653

cost difference (base - intv)
2859089
5148454
40909790
54810470
96992052
77919056
73032955
9089956

cases averted (base - intv)
2041.559
29857.8
13847.29
202516.6
42805.09
254452.5
14483.8
13804.88

ICER per case averted
1400.444
172.4325
2954.354
270.6468
2265.9
306.2224
5042.388
658.4598

number of deaths
2.743279
0.8370144
20.13627
6.136948
115.5223
16.09274
78.77942
9.86087

deaths averted
13.28299
4.052833
90.2673
27.51084
552.8636
77.01619
381.2382
47.71982

ICER per death averted
215244.4
1270335
453207.2
1992323
175435.8
1011723
191567.8
190485.9

health outcomes
5.776808 376.406299 36.708174
23.08475 3142.56131 2999.92237
42.33842 1620.63114 1405.86184
168.6962 23022.2343 21979.0849
131.0508 5509.0637 3188.6006
356.093 18686.276 34110.060
152.0628 2009.4339 752.6711
40.39442 1090.39972 1711.99779