# vax-70 10%

total clinical costs
5555128
15641963
66138489
103455449
182502778
197196006
139951559
22235998

number of cases
3652.728
53421.15
22008.59
321875.6
76201.13
452973.4
26602.17
25355.19

cost difference (base - intv)
1380760
502138.9
13778258
10840391
47560727
20027736
41501204
4080080

cases averted (base - intv)
1096.428
16035.25
4857.846
71045.99
22550.43
134049.8
8490.209
8092.231

ICER per case averted
1259.326
31.31469
2836.29
152.5827
2109.083
149.4052
4888.125
504.1971

number of deaths
23.76573
7.251271
143.469
43.72515
984.2012
137.1033
700.214
87.64623

deaths averted
7.133683
2.17659
31.66718
9.651233
291.2577
40.57341
223.4766
27.97271

ICER per death averted
193555
230699.8
435095.8
1123213
163294.3
493617.3
185707.1
145859.3

health outcomes
50.04597 3260.90430 318.01232
199.9891 27224.8145 25989.0968
301.6571 11546.8377 10016.6276
1201.944 164031.158 156598.821
1116.497 46934.896 27165.531
3033.762 159199.182 290603.307
1351.578 17860.422 6689.955
359.0371 9691.7837 15216.7246