# basevax 20%

total clinical costs
5037102
14183322
60376456
94442336
176674947
190898979
126131099
20040155

number of cases
3312.105
48439.54
20091.19
293833.6
73767.81
438508.6
23975.16
22851.32

cost difference (base - intv)
1976605
3098895
19762905
23109237
56796725
46584424
55638166
6577588

cases averted (base - intv)
1437.051
21016.87
6775.25
99088.03
24983.75
148514.5
11117.22
10596.1

ICER per case averted
1375.459
147.448
2916.926
233.2193
2273.346
313.6691
5004.683
620.7555

number of deaths
21.54954
6.575077
130.9698
39.91579
952.7729
132.7252
631.0666
78.99101

deaths averted
9.349879
2.852784
44.1663
13.4606
322.686
44.95151
292.624
36.62793

ICER per death averted
211404.3
1086271
447465.7
1716806
176012.3
1036326
190135.4
179578.5

health outcomes
45.37909 2956.81922 288.35711
181.3398 24686.0525 23565.5677
275.3765 10540.8690 9143.9718
1097.23 149740.65 142955.82
1080.844 45436.132 26298.058
2936.886 154115.501 281323.520
1218.107 16096.674 6029.310
323.5816 8734.7032 13714.0465