# 7777 40% VE

total clinical costs
249225
701760.3
3485533
5452156
8251248
8915553
6075542
965303.6

number of cases
163.8758
2396.684
1159.864
16963.02
3445.177
20479.66
1154.847
1100.713

cost difference (base - intv)
3210134
5653238
46589814
62165032
109241254
86674138
82703033
10626372

cases averted (base - intv)
2299.318
33627.52
15776.39
230729.7
48304.15
287141.4
16321.9
15556.82

ICER per case averted
1396.125
168.1134
2953.135
269.4279
2261.529
301.8518
5066.996
683.0686

number of deaths
1.066225
0.3253207
7.56089
2.304338
44.49734
6.198664
30.39751
3.804876

deaths averted
14.96004
4.564527
102.8427
31.34345
623.8885
86.91026
429.6201
53.77582

ICER per death averted
214580.6
1238516
453020.2
1983350
175097.4
997283.1
192502.7
197605

health outcomes
2.24526 146.29706 14.26729
8.972303 1221.412861 1165.973676
15.89749 608.52441 527.88153
63.34308 8644.52815 8252.84011
50.47866 2122.00308 1228.19788
137.1613 7197.6543 13138.6488
58.67436 775.35218 290.42267
15.58643 420.73731 660.58467