BASE 60% VE

total clinical costs
595003.6
1675393
8411132
13156899
19799223
21393251
14497520
2303417

number of cases
391.2397
5721.88
2798.932
40934.39
8266.85
49141.83
2755.707
2626.533

cost difference (base - intv)
2942176
5817720
41886830
57716024
101101446
94456100
74597555
9589923

cases averted (base - intv)
2071.954
30302.33
14137.32
206758.4
43482.48
258479.2
14721.04
14031

ICER per case averted
1420.001
191.9892
2962.854
279.1472
2325.108
365.4302
5067.409
683.4813

number of deaths
2.545521
0.7766756
18.2456
5.560726
106.7733
14.87396
72.53486
9.079234

deaths averted
13.48075
4.113172
92.15797
28.08706
561.6126
78.23497
387.4827
48.50146

ICER per death averted
218250.2
1414412
454511.2
2054897
180019.9
1207339
192518.4
197724.4

health outcomes
5.360368 349.271843 34.061947
21.42061 2916.01969 2783.66334
38.36311 1468.46378 1273.86000
152.8567 20860.5871 19915.3831
121.1257 5091.8374 2947.1135
329.1245 17271.0802 31526.7514
140.0093 1850.1532 693.0095
37.1925 1003.9676 1576.2938