# base vaccination (50% VE)

# clinical costs
1772794
4991779
25538762
39948359
59313366
64088663
43605260
6928158

# number of cases
[1] 1165.686
[1] 17048.15
[1] 8498.413
[1] 124289.3
[1] 24765.35
[1] 147216.2
[1] 8288.543
[1] 7900.017

# cost difference
[1] 1764386
[1] 2501334
[1] 24759199
[1] 30924564
[1] 61587302
[1] 51760689
[1] 45489815
[1] 4965182

# cases averted
[1] 1297.508
[1] 18976.05
[1] 8437.843
[1] 123403.5
[1] 26983.98
[1] 160404.8
[1] 9188.209
[1] 8757.511

# ICER per case averted
[1] 1359.827
[1] 131.8153
[1] 2934.304
[1] 250.5972
[1] 2282.365
[1] 322.6879
[1] 4950.891
[1] 566.9627

# number of deaths
[1] 7.584297
[1] 2.314079
[1] 55.39921
[1] 16.88406
[1] 319.8652
[1] 44.55855
[1] 218.1684
[1] 27.30828

# deaths averted
[1] 8.441971
[1] 2.575768
[1] 55.00437
[1] 16.76373
[1] 348.5207
[1] 48.55038
[1] 241.8492
[1] 30.27241

# ICER per death averted
[1] 209001.6
[1] 971102.4
[1] 450131.5
[1] 1844731
[1] 176710.6
[1] 1066123
[1] 188091.7
[1] 164016.7

# health outcomes
[1]   15.97104 1040.64397  101.48645
[1]   63.82201 8688.18478 8293.83337
[1]  116.4821 4458.7040 3867.8275
[1]   464.1195 63339.1057 60469.1780
[1]   362.8614 15253.8318  8828.7920
[1]   985.9722 51739.7023 94446.0166
[1]  421.1164 5564.8421 2084.4158
[1]  111.8666 3019.7074 4741.1350

