BASE 30% VE

total clinical costs
3168861
8922784
43616515
68226024
104678737
113106382
77284337
12279209

number of cases
2083.658
30473.5
14514.06
212268.1
43706.94
259813.5
14690.3
14001.7

cost difference (base - intv)
368318.5
-1429670
6681447
2646900
16221932
2742969
11810738
-385868.8

cases averted (base - intv)
379.5354
5550.705
2422.195
35424.6
8042.394
47807.57
2786.447
2655.833

ICER per case averted
970.4459
-257.5655
2758.426
74.71924
2017.053
57.37522
4238.637
-145.2911

number of deaths
13.5569
4.136407
94.61384
28.83554
564.5116
78.63882
386.6736
48.40018

deaths averted
2.46937
0.7534406
15.78974
4.81225
103.8742
14.47011
73.344
9.180515

ICER per death averted
149154.9
-1897522
423151.3
550033.7
156169
189561
161032.1
-42031.28

health outcomes
28.54817 1860.14658 181.40659
114.0816 15530.0926 14825.1912
198.9346 7614.8220 6605.6904
792.649 108174.038 103272.617
640.3932 26920.6074 15581.4255
1740.085 91312.414 166682.324
746.371 9862.919 3694.341
198.2682 5352.0167 8403.0109