# clinical costs
[1] 399478.7
[1] 1124840
[1] 5752670
[1] 8998467
[1] 13312447
[1] 14384227
[1] 9716946
[1] 1543863

# number of cases
[1] 262.6739
[1] 3841.606
[1] 1914.289
[1] 27996.47
[1] 5558.4
[1] 33041.6
[1] 1847.009
[1] 1760.431

# cost difference
[1] 3100839
[1] 5829166
[1] 44439843
[1] 60332266
[1] 105101181
[1] 86681047
[1] 79061629
[1] 10047813

# cases averted
[1] 2200.52
[1] 32182.6
[1] 15021.97
[1] 219696.3
[1] 46190.93
[1] 274579.4
[1] 15629.74
[1] 14897.1

# ICER per case averted
[1] 1409.139
[1] 181.1279
[1] 2958.324
[1] 274.6167
[1] 2275.364
[1] 315.6866
[1] 5058.409
[1] 674.4812

# number of deaths
[1] 1.709034
[1] 0.5214512
[1] 12.47881
[1] 3.803177
[1] 71.79138
[1] 10.00084
[1] 48.6164
[1] 6.085346

# deaths averted
[1] 14.31723
[1] 4.368396
[1] 97.92476
[1] 29.84461
[1] 596.5945
[1] 83.10809
[1] 411.4012
[1] 51.49535

# ICER per death averted
[1] 216580.8
[1] 1334395
[1] 453816.2
[1] 2021547
[1] 176168.5
[1] 1042992
[1] 192176.5
[1] 195120.8

# health outcomes
[1]   3.598891 234.497187  22.868808
[1]   14.38156 1957.78282 1868.92025
[1]   26.23788 1004.33417  871.23778
[1]   104.5441 14267.2912 13620.8329
[1]   81.44156 3423.60989 1981.55716
[1]   221.2942 11612.5941 21197.7109
[1]   93.8411 1240.0630  464.4888
[1]   24.92823  672.90810 1056.50905

