# basevax 50%

total clinical costs
[1] 1914879
[1] 5391859
[1] 25712323
[1] 40219846
[1] 79767907
[1] 86189990
[1] 48005716
[1] 7627318

number of cases
[1] 1259.113
[1] 18414.53
[1] 8556.168
[1] 125134
[1] 33305.82
[1] 197984.6
[1] 9124.987
[1] 8697.253

cost difference (base - intv)
[1] 5098828
[1] 11890358
[1] 54427039
[1] 77331727
[1] 153703766
[1] 151293413
[1] 133763548
[1] 18990425

cases averted (base - intv)
[1] 3490.043
[1] 51041.88
[1] 18310.27
[1] 267787.7
[1] 65445.74
[1] 389038.6
[1] 25967.39
[1] 24750.17

ICER per case averted
[1] 1460.964
[1] 232.953
[1] 2972.487
[1] 288.78
[1] 2348.568
[1] 388.8905
[1] 5151.213
[1] 767.2846

number of deaths
[1] 8.192162
[1] 2.499548
[1] 55.7757
[1] 16.9988
[1] 430.1725
[1] 59.92481
[1] 240.1851
[1] 30.06412

deaths averted
[1] 22.70725
[1] 6.928313
[1] 119.3605
[1] 36.37758
[1] 845.2864
[1] 117.7519
[1] 683.5055
[1] 85.55482

ICER per death averted
[1] 224546.2
[1] 1716198
[1] 455988.9
[1] 2125807
[1] 181836.3
[1] 1284849
[1] 195702.2
[1] 221967.9

health outcomes
[1]   17.25108 1124.04934  109.62037
[1]   68.93721 9384.52405 8958.56623
[1]  117.2737 4489.0051 3894.1131
[1]   467.2736 63769.5557 60880.1242
[1]   487.9962 20514.1995 11873.4495
[1]   1325.99  69582.42 127016.24
[1]  463.6137 6126.4221 2294.7660
[1]  123.1557 3324.4433 5219.5900