7777 30% VE

total clinical costs
1016616
2862556
14312909
22388605
33985160
36721292
24966946
3966837

number of cases
668.4672
9776.333
4762.839
69656.52
14189.96
84351.44
4745.748
4523.292

cost difference (base - intv)
2442744
3492442
35762438
45228584
83507342
58868399
63811629
7624839

cases averted (base - intv)
1794.726
26247.87
12173.42
178036.2
37559.37
223269.6
12731
12134.24

ICER per case averted
1361.068
133.0562
2937.749
254.0415
2223.342
263.6651
5012.302
628.374

number of deaths
4.349246
1.327018
31.04786
9.46248
183.2752
25.531
124.9161
15.63583

deaths averted
11.67702
3.562829
79.35572
24.18531
485.1106
67.57793
335.1015
41.94486

ICER per death averted
209192.4
980244
450659.9
1870085
172140.8
871118.7
190424.8
181782.4

health outcomes
9.158658 596.761482 58.197815
36.59899 4982.27460 4756.13219
65.28107 2498.83005 2167.68006
260.1105 35497.6832 33889.2648
207.911 8740.086 5058.690
564.9388 29645.6289 54115.3397
241.1175 3186.2466 1193.4683
64.05116 1728.98568 2714.61885