7778 60% VE

total clinical costs
992.7887
2795.465
8300.867
12984.42
34984.83
37801.45
32861.74
5221.189

number of cases
0.6528
9.5472
2.76224
40.39776
14.60736
86.83264
6.2464
5.9536

cost difference (base - intv)
3458367
6352202
50067046
67604205
117457517
95551889
88293570
11155505

cases averted (base - intv)
2462.541
36014.66
16933.49
247652.3
51734.72
307534.2
17470.5
16651.58

ICER per case averted
1404.39
176.3782
2956.687
272.9803
2270.381
310.7033
5053.865
669.9369

number of deaths
0.00424731
0.001295916
0.01800641
0.005487828
0.1886663
0.02628199
0.1644158
0.02058003

deaths averted
16.02202
4.888551
110.3856
33.6423
668.1972
93.08265
459.8532
57.56011

ICER per death averted
215850.8
1299404
453565.2
2009500
175782.7
1026527
192003.8
193806.2

health outcomes
0.008944002 0.582774885 0.056833804
0.0357412 4.8655025 4.6446603
0.03786019 1.44921302 1.25716039
0.1508528 20.5871161 19.6543032
0.2140267 8.9971758 5.2074912
0.5815565 30.5176565 55.7071450
0.3173612 4.1937686 1.5708545
0.08430476 2.27570765 3.57300756