# basevax 60%

total clinical costs
[1] 865914.2
[1] 2438215
[1] 12100848
[1] 18928443
[1] 39490195
[1] 42669535
[1] 22170789
[1] 3522573

number of cases
[1] 569.3747
[1] 8327.105
[1] 4026.742
[1] 58891.1
[1] 16488.5
[1] 98014.98
[1] 4214.252
[1] 4016.708

cost difference (base - intv)
[1] 6147793
[1] 14844002
[1] 68038513
[1] 98623130
[1] 193981478
[1] 194813868
[1] 159598475
[1] 23095169

cases averted (base - intv)
[1] 4179.781
[1] 61129.3
[1] 22839.7
[1] 334030.5
[1] 82263.06
[1] 489008.2
[1] 30878.13
[1] 29430.71

ICER per case averted
[1] 1470.841
[1] 242.8296
[1] 2978.959
[1] 295.2518
[1] 2358.063
[1] 398.3857
[1] 5168.658
[1] 784.7302

number of deaths
[1] 3.704521
[1] 1.130303
[1] 26.24941
[1] 8.000053
[1] 212.9628
[1] 29.6666
[1] 110.9262
[1] 13.8847

deaths averted
[1] 27.1949
[1] 8.297558
[1] 148.8867
[1] 45.37633
[1] 1062.496
[1] 148.0101
[1] 812.7644
[1] 101.7342

ICER per death averted
[1] 226064.2
[1] 1788960
[1] 456981.7
[1] 2173449
[1] 182571.5
[1] 1316220
[1] 196365
[1] 227014.7

health outcomes
[1]   7.800993 508.298540  49.570666
[1]   31.17362 4243.71039 4051.09097
[1]   55.19187 2112.63560 1832.66488
[1]   219.9104 30011.5125 28651.6753
[1]   241.5892 10155.8354  5878.1138
[1]   656.4495 34447.7314 62881.1313
[1]  214.1137 2829.4050 1059.8066
[1]   56.8778 1535.3491 2410.5969