# vax-70 60%

total clinical costs
34642.49
97545.27
403434.4
631062
1165370
1259194
1000613
158980.9

number of cases
22.77888
333.1411
134.249
1963.391
486.5818
2892.458
190.1978
181.2822

cost difference (base - intv)
6901245
16046556
79513313
113664777
228898135
215964549
180452151
26157097

cases averted (base - intv)
4726.377
69123.26
26732.19
390958.3
98264.98
584130.7
34902.18
33266.14

ICER per case averted
1460.155
232.1441
2974.441
290.7338
2329.397
369.7196
5170.226
786.2979

number of deaths
0.1482061
0.04521985
0.8751382
0.2667166
6.28461
0.8754723
5.006326
0.626645

deaths averted
30.75121
9.382641
174.261
53.10967
1269.174
176.8013
918.6843
114.9923

ICER per death averted
224421.9
1710239
456288.6
2140190
180352
1221510
196424.6
227468.3

health outcomes
0.312093 20.335415 1.983165
1.247158 169.777418 162.071324
1.840061 70.433902 61.099859
7.33167 1000.56437 955.22828
7.129386 299.702455 173.465309
19.37207 1016.56528 1855.64542
9.663387 127.696815 47.831232
2.567011 69.293433 108.795152