# basevax 10%

total clinical costs
6126955
17252095
70876514
110866784
207132391
223808541
154832754
24600375

number of cases
4028.728
58920.15
23585.24
344934.2
86484.83
514104.3
29430.8
28051.24

cost difference (base - intv)
886752.8
30121.75
9262847
6684789
26339281
13674863
26936510
2017367

cases averted (base - intv)
720.4275
10536.25
3281.196
47987.48
12266.73
72918.91
5661.573
5396.187

ICER per case averted
1230.87
2.858868
2823.01
139.3028
2147.213
187.5352
4757.778
373.8505

number of deaths
26.2121
7.997693
153.7468
46.85753
1117.024
155.6061
774.6684
96.96574

deaths averted
4.687315
1.430168
21.38936
6.518853
158.4351
22.07067
149.0222
18.6532

ICER per death averted
189181.4
21061.69
433058.6
1025455
166246.5
619594.4
180755.1
108151.3

health outcomes
55.19754 3596.57120 350.74748
220.5754 30027.2486 28664.3301
323.2672 12374.0294 10734.1982
1288.049 175782.013 167817.239
1267.174 53268.982 30831.648
3443.183 180683.865 329821.598
1495.292 19759.539 7401.305
397.2139 10722.3212 16834.7347