# BASE 40% VE

total clinical costs
1887338
5314310
26414180
41317710
62672904
67718675
46176233
7336643

number of cases
1241.004
18149.68
8789.722
128549.7
26168.07
155554.6
8777.236
8365.804

cost difference (base - intv)
1649841
2178804
23883781
29555213
58227765
48130676
42918842
4556697

cases averted (base - intv)
1222.19
17874.53
8146.534
119143.1
25581.26
152066.4
8699.515
8291.725

ICER per case averted
1349.906
121.8943
2931.772
248.0649
2276.188
316.511
4933.475
549.5475

number of deaths
8.074337
2.463598
57.29818
17.46281
337.9825
47.08237
231.0317
28.91838

deaths averted
7.951931
2.42625
53.10539
16.18497
330.4033
46.02656
228.9859
28.66231

ICER per death averted
207476.8
898012.9
449743.1
1826090
176232.4
1045715
187430.1
158978.7

health outcomes
17.00297 1107.88248 108.04374
67.94571 9249.54929 8829.71789
120.4749 4611.5395 4000.4090
480.0286 65510.2451 62541.9420
383.4141 16117.8161 9328.8590
1041.818 54670.264 99795.484
445.9455 5892.9461 2207.3132
118.4623 3197.7498 5020.6731