# basevax 40%

total clinical costs
[1] 2922875
[1] 8230144
[1] 37828118
[1] 59171671
[1] 113373793
[1] 122501473
[1] 72528759
[1] 11523626

number of cases
[1] 1921.912
[1] 28107.97
[1] 12587.88
[1] 184097.8
[1] 47337.42
[1] 281394.7
[1] 13786.36
[1] 13140.12

cost difference (base - intv)
[1] 4090832
[1] 9052073
[1] 42311243
[1] 58379902
[1] 120097880
[1] 114981930
[1] 109240505
[1] 15094117

cases averted (base - intv)
[1] 2827.244
[1] 41348.44
[1] 14278.55
[1] 208823.8
[1] 51414.14
[1] 305628.5
[1] 21306.02
[1] 20307.3
ICER per case averted
[1] 1446.933
[1] 218.9218
[1] 2963.272
[1] 279.5653
[1] 2335.892
[1] 376.2147
[1] 5127.213
[1] 743.2853

number of deaths
[1] 12.50453
[1] 3.815314
[1] 82.05753
[1] 25.00874
[1] 611.4023
[1] 85.17089
[1] 362.8802
[1] 45.42194

deaths averted
[1] 18.39488
[1] 5.612547
[1] 93.07862
[1] 28.36765
[1] 664.0566
[1] 92.50584
[1] 560.8104
[1] 70.19699

ICER per death averted
[1] 222389.7
[1] 1612828
[1] 454575.3
[1] 2057975
[1] 180854.9
[1] 1242969
[1] 194790.4
[1] 215025.1

health outcomes
[1]   26.33209 1715.75097  167.32474
[1]   105.2259 14324.5546 13674.3718
[1]  172.5337 6604.2504 5729.0418
[1]   687.4556 93818.1403 89567.1918
[1]   693.5869 29156.7461 16875.6841
[1]   1884.624  98897.207 180527.658
[1]  700.4442 9256.0184 3467.0149
[1]  186.0681 5022.6882 7885.9440