# vax-70 40%

total clinical costs
502004.6
1413529
7708112
12057219
16875189
18233804
12333279
1959555

number of cases
330.089
4827.551
2564.992
37513.01
7045.966
41884.35
2344.325
2234.435

cost difference (base - intv)
6433883
14730572
72208635
102238621
213188316
198989939
169119485
24356523

cases averted (base - intv)
4419.067
64628.85
24301.45
355408.6
91705.59
545138.8
32748.05
31212.99

ICER per case averted
1455.937
227.9256
2971.372
287.665
2324.704
365.0262
5164.261
780.333

number of deaths
2.147657
0.6552813
16.7206
5.095949
91.00454
12.67731
61.70659
7.723853

deaths averted
28.75176
8.77258
158.4156
48.28044
1184.454
164.9994
861.984
107.8951

ICER per death averted
223773.5
1679161
455817.8
2117599
179988.6
1206004
196197.9
225742.7

health outcomes
4.522543 294.680692 28.738069
18.07257 2460.24613 2348.57706
35.15664 1345.72658 1167.38819
140.0806 19117.0167 18250.8148
103.2374 4339.8530 2511.8711
280.518 14720.413 26870.746
119.1082 1573.9557 589.5546
31.64027 854.09173 1340.97902